[ 0.00000000e+00  0.00000000e+00  0.00000000e+00  0.00000000e+00
  0.00000000e+00  0.00000000e+00  0.00000000e+00  0.00000000e+00
  0.00000000e+00  0.00000000e+00  0.00000000e+00  0.00000000e+00
  3.77638168e-09  8.26897368e-09  0.00000000e+00  0.00000000e+00
  0.00000000e+00  0.00000000e+00  0.00000000e+00  0.00000000e+00
  0.00000000e+00  0.00000000e+00  0.00000000e+00  0.00000000e+00
  0.00000000e+00  0.00000000e+00  0.00000000e+00  0.00000000e+00
  0.00000000e+00  0.00000000e+00  0.00000000e+00  0.00000000e+00
  1.25759992e-09  4.44533167e-09  7.30023071e-08  1.55324606e-07
  2.12363448e-07  2.99547830e-07  5.24966819e-07  7.43190681e-07
  9.51982420e-07  1.02796342e-06  9.96527290e-07  8.99033771e-07
  9.41704220e-07  8.96034016e-07  5.91975996e-07  4.26300622e-07
  3.41816257e-07  1.19055521e-07  3.90529637e-08  3.96659465e-09
  0.00000000e+00  0.00000000e+00  0.00000000e+00  0.00000000e+00
  0.00000000e+00  0.00000000e+00  1.06993440e-08 -4.41010477e-09
  2.83332500e-08  1.87581866e-08  2.06133619e-07  6.82156048e-07
  1.14874806e-06  1.97919494e-06  3.39779539e-06  5.47429936e-06
  8.55520423e-06  1.17955151e-05  1.51074628e-05  1.68330837e-05
  1.75815491e-05  1.65472558e-05  1.39371826e-05  1.02967379e-05
  6.20570125e-06  3.13258352e-06  1.47964688e-06  4.81434478e-07
  1.31751789e-07  3.19652743e-08  0.00000000e+00  0.00000000e+00
  0.00000000e+00  0.00000000e+00  1.99750924e-08  1.30614840e-10
  4.61666960e-08  1.09867136e-07  3.97389099e-07  1.11498613e-06
  2.17067179e-06  3.85678124e-06  7.19353987e-06  1.14147414e-05
  1.67563769e-05  2.37047876e-05  3.12945760e-05  3.73546554e-05
  4.03269706e-05  3.94837092e-05  3.42778665e-05  2.57508375e-05
  1.62392401e-05  9.53619329e-06  4.71275220e-06  1.94607047e-06
  8.15820697e-07  1.18665542e-07  1.27100717e-08  0.00000000e+00
  0.00000000e+00  1.16090321e-09 -1.23625394e-09  1.76073070e-08
  1.05917349e-07  4.48216440e-07  1.10527808e-06  2.49171627e-06
  4.91848176e-06  9.05173855e-06  1.53108627e-05  2.27099226e-05
  3.22833309e-05  4.23903801e-05  5.19946024e-05  5.79605029e-05
  5.95448702e-05  5.39613891e-05  4.50722092e-05  3.35100050e-05
  2.45222549e-05  1.73214827e-05  1.10765812e-05  6.63545677e-06
  3.16875683e-06  9.33274885e-07  1.86329886e-07  1.93923110e-08
  0.00000000e+00  0.00000000e+00  2.69674245e-08  5.90339188e-08
  3.56685633e-07  1.41622209e-06  3.49020239e-06  7.64133520e-06
  1.55858909e-05  2.72354151e-05  4.27866132e-05  6.38330396e-05
  8.90160501e-05  1.11762689e-04  1.28711777e-04  1.36947329e-04
  1.33742446e-04  1.18340798e-04  9.60235817e-05  7.36306465e-05
  5.57426268e-05  4.12615034e-05  3.01343435e-05  2.00139227e-05
  1.04315270e-05  3.58704847e-06  6.46344689e-07  1.54467284e-08
  0.00000000e+00  3.13587943e-10  1.28981406e-07  4.31972400e-07
  1.75659130e-06  5.03982410e-06  1.13487987e-05  2.30130004e-05
  4.19592284e-05  6.90756811e-05  1.04413175e-04  1.50056554e-04
  1.99771837e-04  2.42045052e-04  2.71216102e-04  2.80828481e-04
  2.64612377e-04  2.28227476e-04  1.81786776e-04  1.34467418e-04
  9.69105263e-05  7.01730363e-05  5.06492784e-05  3.54212249e-05
  2.00372889e-05  7.75262878e-06  1.71074152e-06  1.33228856e-07
  1.57497669e-09  8.66820048e-08  6.07454833e-07  2.54506245e-06
  7.09899162e-06  1.59799512e-05  3.15708204e-05  5.83596184e-05
  9.69584744e-05  1.47539491e-04  2.11767780e-04  2.83984472e-04
  3.47417260e-04  3.88888008e-04  4.02259368e-04  3.95236440e-04
  3.69692663e-04  3.27560292e-04  2.72967030e-04  2.09845176e-04
  1.49744139e-04  1.01793690e-04  6.71668626e-05  4.72772216e-05
  2.80361093e-05  1.13479617e-05  2.36838764e-06  1.49723762e-07
  6.18276065e-09  3.31476000e-07  2.05943432e-06  6.89234810e-06
  1.58951701e-05  3.18769416e-05  5.89499892e-05  1.03894573e-04
  1.63759727e-04  2.40699617e-04  3.28031270e-04  4.03934773e-04
  4.45149805e-04  4.41847170e-04  4.07262117e-04  3.75156959e-04
  3.61128315e-04  3.50838330e-04  3.22613429e-04  2.62588265e-04
  1.85911358e-04  1.20992826e-04  7.40735698e-05  4.72368781e-05
  2.88932852e-05  1.24442008e-05  2.52263188e-06  2.08944967e-07
  2.64759588e-08  4.48374995e-07  3.34174006e-06  9.61879848e-06
  2.19112071e-05  4.39763966e-05  8.04468727e-05  1.36987026e-04
  2.14100070e-04  3.07687599e-04  3.95628754e-04  4.41766017e-04
  4.29270736e-04  3.65755724e-04  2.98901671e-04  2.69207057e-04
  2.92590849e-04  3.35798927e-04  3.45148205e-04  2.92537498e-04
  2.01841253e-04  1.17615885e-04  6.12619911e-05  3.38869281e-05
  2.09215354e-05  9.37104015e-06  1.80636724e-06  1.97855458e-07
  5.31200390e-08  5.75051968e-07  3.53620444e-06  9.82690872e-06
  2.34886383e-05  4.68066631e-05  8.63303492e-05  1.47916578e-04
  2.36273031e-04  3.30346426e-04  3.99810284e-04  4.02903669e-04
  3.42211328e-04  2.51364997e-04  1.84774916e-04  1.87500146e-04
  2.56911080e-04  3.44091501e-04  3.76668245e-04  3.16779192e-04
  1.99656712e-04  9.83429896e-05  3.72139396e-05  1.40996261e-05
  1.05492256e-05  6.00812293e-06  1.05667612e-06  9.15137666e-08
  6.90720401e-08  5.69055982e-07  3.15917811e-06  8.20457625e-06
  2.03911011e-05  4.28737037e-05  8.17177862e-05  1.47639848e-04
  2.39679332e-04  3.30846919e-04  3.73182916e-04  3.47833860e-04
  2.74238870e-04  1.91437586e-04  1.49468686e-04  1.86857190e-04
  2.95736658e-04  4.04784850e-04  4.22272464e-04  3.26963380e-04
  1.84131941e-04  7.11510159e-05  1.40950032e-05 -1.12162092e-06
  2.80710212e-06  3.09535841e-06  6.32757624e-07  1.89712157e-08
  6.28543293e-08  2.65001643e-07  1.85962969e-06  5.87727440e-06
  1.58801339e-05  3.58599647e-05  7.28306889e-05  1.40353964e-04
  2.34196466e-04  3.17363225e-04  3.44188589e-04  3.16848402e-04
  2.62921079e-04  2.12059062e-04  2.06199993e-04  2.77550225e-04
  4.04004305e-04  4.90538236e-04  4.53118641e-04  3.13717296e-04
  1.55105827e-04  4.90086467e-05  5.94882037e-07 -8.86577675e-06
 -1.11268036e-06  1.52115563e-06  2.93636633e-07  1.14492850e-08
  8.68133720e-11  7.71309540e-08  9.36260112e-07  3.81137480e-06
  1.26801960e-05  2.79017914e-05  6.30255868e-05  1.28775188e-04
  2.19823274e-04  2.97649043e-04  3.26677287e-04  3.20405503e-04
  3.04371299e-04  2.93182364e-04  3.21973360e-04  4.10311317e-04
  5.18607474e-04  5.49164837e-04  4.50977765e-04  2.81224005e-04
  1.26685643e-04  3.64850440e-05 -1.99459992e-06 -8.17195908e-06
 -7.69720702e-07  1.53429015e-06  1.90899140e-07  7.14181204e-09
  1.70416029e-08  2.80296492e-08  4.39757589e-07  2.47753306e-06
  8.57989261e-06  1.81110435e-05  4.82969572e-05  1.08990043e-04
  1.95932352e-04  2.76526684e-04  3.22677071e-04  3.44338485e-04
  3.59683307e-04  3.76282867e-04  4.22777042e-04  5.05109574e-04
  5.78502657e-04  5.51487234e-04  4.13232300e-04  2.40996840e-04
  1.08525229e-04  3.46574791e-05  4.47206568e-06 -3.13033596e-06
  5.18693297e-07  2.06165267e-06  8.53173883e-08 -3.77997034e-10
  6.90015156e-09  5.37132807e-09  1.65487721e-07  1.88065177e-06
  3.52685086e-06  6.61219991e-06  2.99307551e-05  8.32197348e-05
  1.64758408e-04  2.51081078e-04  3.16814379e-04  3.56672304e-04
  3.82851350e-04  4.08266711e-04  4.53980140e-04  5.25898370e-04
  5.65174488e-04  5.04663878e-04  3.52954435e-04  2.01363720e-04
  9.67295807e-05  3.86074194e-05  1.19333398e-05  1.76374864e-06
  2.23322669e-06  2.55761519e-06  6.59131274e-08 -1.39815633e-09
  7.54375824e-09  2.67220537e-09  7.05077510e-08  1.32490869e-06
 -8.04514396e-07 -4.76506251e-06  1.02935643e-05  5.27948140e-05
  1.27162765e-04  2.16857381e-04  2.90890907e-04  3.34565262e-04
  3.53498379e-04  3.70768306e-04  4.22531258e-04  4.94323881e-04
  5.14569638e-04  4.32844954e-04  2.92257329e-04  1.69813309e-04
  8.88689497e-05  3.98822904e-05  1.70421312e-05  5.97432814e-06
  3.39149928e-06  1.93448828e-06  9.82636949e-08  1.00889539e-10
  0.00000000e+00  1.04297210e-08  1.15196265e-07  7.81856420e-07
 -4.72307280e-06 -1.40674217e-05 -5.61902252e-06  2.74571367e-05
  9.29816708e-05  1.79906975e-04  2.50355672e-04  2.83257512e-04
  2.87719945e-04  3.05736806e-04  3.75070199e-04  4.48099823e-04
  4.51486988e-04  3.65724217e-04  2.49608792e-04  1.51038458e-04
  8.25367934e-05  3.92450129e-05  1.70714088e-05  6.65390805e-06
  2.89233233e-06  8.56745802e-07  5.43567563e-08 -2.15405322e-09
  9.09569595e-09  9.15887052e-09  1.98766856e-07  5.69764701e-07
 -6.05397248e-06 -1.63055110e-05 -1.18020417e-05  1.47552408e-05
  7.26179359e-05  1.52079209e-04  2.12862853e-04  2.34995650e-04
  2.36196112e-04  2.70353275e-04  3.49312689e-04  4.09516641e-04
  3.99955307e-04  3.23676449e-04  2.25691225e-04  1.36958739e-04
  7.50450562e-05  3.51952784e-05  1.49608351e-05  5.67524381e-06
  1.31804704e-06  1.64422348e-07  4.31420553e-08  4.49303531e-09
 -2.52850814e-10  2.28959089e-08  2.66624114e-07  4.99125974e-07
 -5.54877453e-06 -1.32040676e-05 -9.27685836e-06  1.55470151e-05
  6.60785075e-05  1.31442716e-04  1.84281795e-04  2.07843245e-04
  2.29383786e-04  2.77467144e-04  3.48453099e-04  3.88457200e-04
  3.66344991e-04  2.94583054e-04  2.03269704e-04  1.22213106e-04
  6.56944949e-05  2.96977288e-05  1.25543710e-05  3.92066016e-06
  3.36546902e-08 -1.64908813e-07 -1.31438285e-08 -6.23716172e-10
  0.00000000e+00  1.46465173e-08  2.28262429e-07  4.58653813e-07
 -3.88698397e-06 -7.79825675e-06 -1.64289191e-06  2.07949885e-05
  6.19721934e-05  1.13389991e-04  1.63744164e-04  2.04970992e-04
  2.52807768e-04  3.11204750e-04  3.61461294e-04  3.72785852e-04
  3.35293160e-04  2.63109625e-04  1.77889079e-04  1.04881989e-04
  5.50195247e-05  2.48982930e-05  1.02367827e-05  2.43744768e-06
 -2.35712012e-07 -7.69023085e-09 -2.43977547e-08  2.72366121e-09
 -6.34443765e-10  3.45381908e-09  1.03976663e-07  1.75039626e-07
 -1.94635399e-06 -2.38685178e-06  5.97979787e-06  2.62337864e-05
  5.96589788e-05  1.02814860e-04  1.56273559e-04  2.17057601e-04
  2.82485301e-04  3.37104246e-04  3.60308507e-04  3.43959748e-04
  2.95382876e-04  2.25561500e-04  1.48742461e-04  8.84094195e-05
  4.66572732e-05  2.15318784e-05  8.36167402e-06  1.43864881e-06
 -6.28467434e-08  3.84938831e-08 -8.17975861e-09 -2.89072326e-09
 -6.14617398e-10 -1.27602679e-10  8.57147686e-08  1.78738508e-07
 -9.30081650e-08  1.60596930e-06  1.09630190e-05  3.04462272e-05
  6.33010448e-05  1.07084333e-04  1.67139622e-04  2.36201327e-04
  2.97059866e-04  3.29813636e-04  3.31171473e-04  3.00085248e-04
  2.49604072e-04  1.88912639e-04  1.24409703e-04  7.29126978e-05
  3.91333913e-05  1.83599907e-05  7.03562963e-06  1.94557033e-06
  2.17400916e-07  9.48679961e-08  5.48713834e-09 -5.33671986e-09
  0.00000000e+00  0.00000000e+00  6.13785835e-08  3.11345664e-07
  1.15751817e-06  4.55294487e-06  1.48564296e-05  3.55170114e-05
  7.05315212e-05  1.17991772e-04  1.79386621e-04  2.45797240e-04
  2.92520037e-04  3.09533022e-04  2.93418134e-04  2.52896689e-04
  2.05203166e-04  1.52619237e-04  9.95719924e-05  5.87180913e-05
  3.18358041e-05  1.49604964e-05  6.40250089e-06  2.55195144e-06
  5.84344109e-07  8.29400559e-08 -7.89555061e-09  0.00000000e+00
  0.00000000e+00  0.00000000e+00  2.96343646e-08  2.16244691e-07
  1.22976381e-06  4.37598690e-06  1.33766101e-05  3.21140222e-05
  6.27586341e-05  1.05901709e-04  1.58250503e-04  2.04183860e-04
  2.32546907e-04  2.33377254e-04  2.11450647e-04  1.78001048e-04
  1.42075129e-04  1.05002492e-04  6.90281146e-05  4.18490139e-05
  2.31948320e-05  1.12377285e-05  5.15958597e-06  2.36284241e-06
  4.69896361e-07  4.92302746e-09  1.11229633e-09  0.00000000e+00
  0.00000000e+00  0.00000000e+00  7.18437619e-09  1.39930841e-07
  7.77792154e-07  2.93711073e-06  8.91726775e-06  2.03559084e-05
  3.92320231e-05  6.24678505e-05  9.04661472e-05  1.11014721e-04
  1.22631685e-04  1.20708077e-04  1.07302551e-04  9.32707308e-05
  7.74378921e-05  5.84528014e-05  4.00683688e-05  2.45822578e-05
  1.35017926e-05  6.54607562e-06  2.90105871e-06  1.23883575e-06
  3.07448264e-07  3.32745068e-09  1.12857384e-09  0.00000000e+00
  0.00000000e+00  0.00000000e+00  0.00000000e+00  5.79769864e-09
  3.03834758e-07  1.24304893e-06  4.02761258e-06  8.65447669e-06
  1.69118630e-05  2.52022071e-05  3.51084986e-05  4.34936479e-05
  4.76372796e-05  4.61482721e-05  4.24626298e-05  3.53404851e-05
  2.89063479e-05  2.09399577e-05  1.41290420e-05  8.44398870e-06
  4.66727580e-06  2.02003073e-06  6.12894155e-07  1.77356780e-07
  4.50880752e-09  1.09664087e-08  0.00000000e+00  0.00000000e+00
  0.00000000e+00  0.00000000e+00  0.00000000e+00  0.00000000e+00
  4.10519154e-08  1.49329362e-07  3.33556714e-07  8.48866385e-07
  1.03944696e-06  1.59040486e-06  2.49859808e-06  2.88619319e-06
  3.64249858e-06  4.51677936e-06  5.56261751e-06  4.52274335e-06
  3.56416024e-06  2.67587590e-06  1.89127394e-06  7.13463843e-07
  3.50650418e-07  2.11402496e-07  1.27150488e-07  1.35324503e-08
  0.00000000e+00  0.00000000e+00  0.00000000e+00  0.00000000e+00]
